14592771
14592768
158393
14592770
101678039
9992031
14374187
14374184
12321875
12321873
102268666
3065145
13399642
12321876
55932
145720
10445264
53439061
14265330
14374181
12321871
14592773
14592777
58221194
13399635
4525663
12407216
791567
13004830
137229819
21537548
49845745
2118130
135767898
129741698
122191882
22096868
623646
11392291
14592776
129745904
13004838
13004834
13004832
13004829
13004836
13004827
14592775
69212036
13004839
13004835
13004842
13004828
102268664
13004840
102268665
3065144
24212893
23632086
13004848
13004843
129796057
101537841
101399157
21075093
101481473
53377467
117130222
681818
14265329
12321874
12244065
44377013
15083165
698272
49750
49748
12321877
136682701
49831046
13004837
13004833
136055869
58156033
3027593
136815142
3065146
22009939
13004853
13004851
12461374
12391456
937745
129741484
21770647
13004857
13004855
13004841
137136048
46299029
3265083
71756916
135041677
122191875
54600384
14592769
71372432
58555970
13004826
71823705
44318446
44376987
135408995
72200317
60978906
44376735
874005
124562237
35261173
58156028
6445706
49749
58156081
58156072
58156070
13626654
136677264
56773346
2840475
954476
165347462
145706429
129754457
101432847
10753
155931258
71326507
65017788
14374190
296527
139243675
139031381
102309944
58221195
14592772
12395470
11253444
3065147
136142429
44376953
136784574
127050307
827976
136271501
136142407
102081788
4862591
134691467
12704358
12407217
6447204
85662837
12295487
12255383
136436592
129884778
129875225
44376999
44376966
13004825
145706453
102268663
2799167
135438190
60646302
19224763
9077
86819429
71414954
60980808
21566993
19624583
6445705
135474311
63399389
44376973
44376972
22096712
137321674
129786952
71743780
45783948
21912640
14006192
9837651
3947227
1088924
26362836
620074
32486
135535920
90471449
85972439
64724525
58156096
5874000
3139605
2782722
2763968
17405
71340930
136236762
794743
14592774
96733
44377155
103597103
102322863
44376998
2799169
11665659
6441276
671456
164734
136682618
68519685
12333778
4587646
545134
25034
58156098
915992
345772
58156095
44377278
21796210
12321887
186763
136815141
129783574
101537839
835089
136754258
136057368
59679865
23827739
13355096
4983998
810831
132544426
132051227
66602356
18526234
15895244
4915657
4385218
102268668
74041377
64723134
57395124
12347015
10956241
6436102
3051110
951283
924756
68931
165350895
136862800
136668993
136175088
131874111
101384171
2771803
12537662
3058001
5359636
12798434
13905949
650450
136026200
13399648
659045
152027
749133
14183090
11128000
38441
129767840
59515637
11299216
278830
49747
58156074
12383812
12283192
20347800
18993564
5115307
872680
136334369
129664746
72942538
58156091
58156020
50941001
6442338
5374471
618589
286752
136057372
60978493
49870967
15083171
13010139
753679
138395524
135403943
134811620
43829003
15083169
6439888
3128960
2794766
2727316
695737
574426
399719
146268
171365755
165354095
165348436
137147743
136792148
73553250
69713187
49804933
10868938
924715
13010138
13010135
134833081
156021233
13004831
129747908
101018186
11644224
606500
116463
137124110
136830892
102300713
72376098
44587902
13010136
881881
71579350
13010134
11535861
324229
85826852
82947313
72747410
5056728
165353946
136660826
45784059
11601120
9568086
2871507
924807
145950686
139231574
71344812
60978115
49805063
14663774
308493
145971832
85946832
21402096
16744088
108227
172636080
145965737
102500395
101499770
71355852
64722111
21537414
21511593
19224653
15391883
12431862
9568079
9554619
6433216
5879804
924717
806545
56239
136661658
135580435
101802353
85438574
13004850
624993
219082
139231599
129799906
86766118
63668637
60981755
56873506
49804934
21404692
14742290
11507345
11459467
9568089
9554778
4915208
221603
71328500
13526688
129752907
136271598
71783821
70821
136263045
102257415
5488366
39028
30244694
5488364
15083163
540195
101647496
352929
13355094
6612277
6401703
3556705
129786718
352194
102883692
71404922
71392923
12255382
794634
221597
135665564
102883698
102218515
11701283
806167
120207
71332130
68602100
57124652
43829000
14939099
784980
154154631
136069217
86060635
43461683
14939101
12605801
6494190
4449684
4384356
4047415
3346456
762761
430557
300848
12353338
164576218
60978000
145975978
145973048
21537447
3107313
137638071
135401045
21824223
12739175
135407188
135073473
6418272
166631132
101698017
71392924
102257416
46886439
11078085
947740
796193
506600
149345
135491108
91936872
63344716
12262974
768165
324550
146036139
129757564
91936937
63399653
35767426
15125061
13383055
3564327
2731165
924716
136245322
66937362
52991963
46739370
20807156
12451850
12451849
12315814
9625760
3038635
339982
147888
101022309
71392185
60646448
54770031
46739367
39158263
20076847
12316382
11680001
11513930
5151814
4915658
2757924
523921
147887
44377277
19756
138395990
129318142
124202601
45040513
3914691
5430
6451571
373876
12461041
14369048
12509518
11715385
11672883
3780203
57815678
49797979
102242121
13525052
639432
610280
134929099
681381
145964657
43168729
20131776
15563670
774532
129793549
102257418
76764216
54358392
19224627
4915302
32228
122401313
87508663
77105728
64723114
56688666
46906816
23158394
9899744
9568088
5936356
5260162
2480955
278827
12855
146163773
136465438
82946881
56796621
23279191
20767472
13525048
12605805
9812282
9576141
5924964
5486322
3384969
95390
138966771
136998522
135592952
102883687
102363374
60646537
45077905
21855972
18315615
12315816
6433392
3713478
3038637
2350985
975885
278820
25062
135995578
64724971
64722096
639420
12316386
63268833
136784573
145965013
47272620
145972827
70463686
46886441
47078
101432362
10945242
775011
126455608
54056180
20807233
18939396
5483561
3569590
135441671
60646299
59973533
45078369
21813423
12605815
12418007
6445498
1477848
797336
767906
25033
20216388
20198181
870214
545135
376351
135463022
134965041
134907008
130273414
129794067
65017831
60978924
17993508
16227558
15083156
13905940
10730403
6953409
5332877
3159624
746348
690910
164576216
164576215
164576214
53317206
137124111
64722913
164576227
3038626
137640670
132585889
102164755
164576226
135804529
15176304
5483562
13905945
388065
129166455
54018536
14290360
136498762
135570484
51032806
14684682
13004845
10314281
330939
132648364
101432363
14145037
5742656
3849182
2738961
523900
162666860
162417899
102387330
102227621
101542191
69944584
46906817
24758495
834883
175807
51137018
13971341
164576236
44556651
39904025
3740144
796572
2796390
566157
164619002
19224120
707969
102429947
4073119
3038624
129737452
66937239
45784011
6434466
838910
610287
102429954
66937488
53404188
15083167
14684674
9570198
962231
767074
3061049
9795161
2743387
129731975
783547
58156023
44024103
19224720
12270889
12181421
702938
612049
59018257
54321910
19224098
6453800
779372
165356122
53402777
23655818
19224795
13523421
2744555
3996711
102593579
71404254
45102710
11160865
133064988
9839832
6454663
239639
46225706
102432561
85866027
136784572
61308974
129757512
56774395
129877452
12130657
4227113
930129
45158624
5044323
1493368
102300714
49805441
145975743
137435136
129738182
45158618
15176305
23807
171390222
168285455
155814099
145977430
136030015
101006991
24017613
12498738
6433502
1242661
924806
762579
2295
135770292
840339
44725146
101022311
135067039
56691209
292570
51032808
3038623
762907
321557
161778
132549338
102300723
43331613
21101171
60981366
21791548
17807589
14293833
13415796
6433295
779673
525585
525583
165351075
4022443
118916
21613155
101713393
13462606
962232
11481606
6991896
682324
23656017
755544
704231
162659416
135408609
134815682
101432364
71356706
39158436
20347802
323391
22096868
46225706
53317206
53326764
53319829
53319830
53321120
53321121
53322958
53325080
53326375
135391692
135391693
135391702
135391724
135391728
135391749
135391755
135391756
135391757
135391775
135391800
135391919
162653981
162668556
135391842
14592769
15544259
14592768
19827864
67926739
141836365
141836370
163411298
11203792
