155517625
155534270
155540142
168275571
155512778
155515232
155526060
155539110
155561476
155569505
126737374
172439415
172445179
58026459
58026492
58190775
58191028
66940413
66940584
141279216
166454505
170267411
41766515
43057409
52788618
132291604
162562536
166363688
49803861
49803862
58026354
58026364
58026404
58026405
58026422
58026451
58026472
58026554
58026590
58026608
58026612
58190696
58190737
58190814
58190815
58190825
58190870
58190884
58190895
58190910
58190971
58191004
58724414
58724415
58724433
58724448
58724462
58724476
58724493
58724501
59300747
66940281
66940341
66940374
66940507
66940520
67891554
67891558
67891586
70323633
88487818
91008216
148328200
166454189
166454218
166454264
166454308
166454381
166454520
170421225
171447188
23908379
99784040
132971696
136518786
137921158
137921161
166358998
166363689
167806874
174227220
174577126
