715151
787414
787406
3116456
787412
715148
16012600
936609
122194076
8122373
4141605
136275329
83317559
20242515
770907
3975050
715201
588917
15669711
1415691
929923
154712326
923802
16488537
32680270
876278
828723
60728915
28521895
1090104
883465
1415690
2851451
163409288
168266498
4247652
3287580
2583692
136631900
2083985
5333988
83316748
1090102
33287251
28970881
12741818
822026
23604680
12329864
4181358
3948747
770962
754520
696305
583995
136683335
5017914
1579426
454825
2991946
1287520
22332116
787408
709553
16482036
787426
1092987
23604679
936788
7342845
670660
563453
10934746
2032611
963462
24285242
132284099
2976105
937645
1286237
5274057
4863427
747502
122194077
9942658
33974472
18126520
9615898
5015956
4447556
4039942
3314363
102189027
80047697
43680329
5271309
4744126
3849798
658375
126665
4324212
890826
14839
9660141
5339521
888841
14359122
1315368
793690
731659
797259
7342846
33287033
16012601
11149491
956335
6622120
132558019
33678355
2375889
1224054
2095689
16488540
715140
136241720
2363758
55081889
3883443
2807164
77254
86794349
10248786
5371196
60706537
34014334
3604512
487712
352417
1343138
914450
165348081
136272548
5130273
3620899
2889270
837057
5339513
3591044
2214976
1943193
135464617
11998374
3979608
3343849
2958796
7013067
29790423
2444412
834422
10061088
2902875
1248386
230295
118740625
16488538
692694
42281695
16653127
6619020
4340133
137552864
1087007
136045421
135533472
135421622
15470040
5223475
715137
589423
47283149
10332809
10038206
9992731
2849750
1306723
487717
135458800
35978085
9649626
4915638
1215902
934353
60877010
1318932
1287491
71390434
5776046
4287195
2849792
937758
661808
136683336
136269933
135641156
135449547
135063402
78837211
56738005
10667288
2991806
1346262
782757
675544
666666
79143629
83339638
78908928
934692
19877034
924348
655776
136745950
828729
22332112
168266507
4322954
136912319
47146208
44274593
36405479
3159770
1421252
828727
136123757
122395073
4313620
677973
118657880
118449744
107731670
66561322
4399362
1314944
935627
139233588
102441309
33370309
11521663
136241772
17860290
4617474
2030226
1357117
951194
163370450
162786991
71876970
58285397
56676856
28533165
6150802
5122966
3640285
1507354
352408
101403131
25584640
71762501
975300
16488528
16012604
16012603
1418239
318694
135458823
1087008
71333314
956336
42281698
42281689
1857801
715142
136851684
125269298
86806865
23604684
890291
155525618
136912318
11994371
4598783
1184473
139233586
135641157
37750224
23610779
5274058
2078825
1112818
933484
828725
164618628
163370500
155569912
136665582
135813440
3780477
1847983
938000
505957
352409
130275021
103607913
15090343
11550553
10437133
9666325
5335626
5218207
3371943
2846434
665867
505958
2901315
749150
929874
7342829
7342826
7013068
7342815
977700
975900
23604683
16488542
715158
136910566
42281701
1086655
86245835
44457724
4553019
62524743
29300643
16653129
4655887
2030662
2029519
1861527
1041881
134146320
102258511
44274592
12225375
7513161
6487733
975935
944851
135479872
33678359
24285248
5027923
2848112
1956392
666751
76693
135458831
134146371
53259946
51047292
42281704
42281691
24975173
13320579
4263237
2039780
1327663
929669
273577
135501443
72049431
51047295
15094709
5210304
890096
839690
172462560
924788
924295
1090103
29796348
977476
135541803
78908920
42281700
42281693
677297
951158
889093
932019
318695
135458813
33678330
17832654
4997627
136738960
71300271
42281706
35417261
14547532
1839905
135495771
135451339
101487129
44406699
44274461
42281690
10847567
3940076
2902386
2026346
1837888
1047981
956416
873059
787417
135683345
118657818
101887178
71336255
6481044
3511631
2850397
1283328
314214
124074
787413
787402
977629
42281696
2902650
3964344
923827
652427
136246652
135458810
9114635
127051777
870407
709563
136912348
11994496
3926207
2804652
975441
813485
135799813
6298154
1372699
155805478
139799983
102040424
71421942
51033097
33678390
2966475
2037134
1265371
977447
3640001
2902912
948072
237860
32679141
645176
42281707
33678340
135576898
71300260
45496620
936066
127052081
33678399
33678349
33678347
33678336
21241582
929661
135536422
45496612
770938
9860014
3799256
3387393
727069
787400
676931
4272333
715153
55024398
71628217
4883644
787427
934525
135468247
924071
52108341
43215343
36405473
7013069
2214945
135473189
105058496
6425132
975633
136662695
45496617
20872835
1572766
934050
883285
3861386
23945542
720574
617555
563446
32678931
4830102
2190149
95803520
78908740
12425556
3163617
2747543
135496285
54579821
969846
207963
71850617
63245983
889581
53003171
136241398
136239739
75534567
43534600
3324798
972634
7342814
16488536
886111
16488539
13813320
10013893
1386285
956338
16488526
121352591
13018814
12579889
47292763
4786852
82671151
747511
721062
16012602
29546934
134854259
808020
2901591
977260
51308915
103602016
787416
1341123
43400469
33678370
164638790
135028587
33678322
137661443
132140689
115299036
42281699
35280468
935384
923826
872071
16653128
127048348
3318324
125535737
10562204
45272513
71778999
115372308
47279821
4399158
561438
72937039
137658072
61781015
7266866
5708370
2773160
122226743
61401980
49671220
4889185
4669522
1840058
715151
2901770
787412
1341123
4775741
5243778
5253574
5258074
1386285
1421231
1421252
3964344
5020742
3750653
3410481
3826546
1386286
1421232
1421253
1564746
1595832
1599998
1603306
1603670
1608247
1608371
1610635
1636915
1638889
1930357
1930710
3285776
3289087
3302541
3550264
3569370
3569371
3623288
3645879
3652468
3672299
3696131
3698749
3736134
3739678
3754156
3793515
3794695
3810675
3814218
3878101
3905491
3978842
3987435
3987436
4016874
4024629
4024630
4025747
4268796
4268797
4390121
4398933
4644694
4644695
4647637
5020743
5027514
5133042
5167020
5192641
163325514
