164615291
164611988
71731010
52949620
44464942
162661835
162660104
53498342
52940686
164618357
57545640
164625461
164627119
162665124
122690160
44465472
74221280
15435186
166436130
59487151
137552925
52945533
52944085
11601482
137552905
52944705
52945516
10269199
52943508
17445816
44465469
44433681
44465473
164613995
52941877
122690232
44247738
134954052
44579808
129883878
86574005
164628876
122690299
11524464
52945540
53326580
162652705
10477251
17325487
85997853
17325485
129855874
10047447
117784644
130450198
138648971
157844996
161427680
173805280
