24077740
4605560
4038319
24048838
4357914
2284334
71778520
2278833
3328686
3125070
4987146
23854450
4061139
1215765
47074527
1103609
95790833
1277436
24127131
705381
18587180
2945774
1548762
2085397
1216068
696900
15991532
135402427
3348580
156631123
4259062
4107209
1363366
1334466
696905
714133
1721399
1016640
696903
40506199
7151240
4071550
1107575
4987148
18573692
8082287
5127237
9865842
1047487
1015843
2285300
1085293
1352608
5068842
950472
48370447
16824841
1216064
53057018
4138824
1015621
24077740
72948987
72949168
72949169
72949345
72949346
72949347
72949348
72949525
72949526
72949706
72950223
90031015
90031122
90031313
90031431
90031493
90031494
90031498
90031592
90031673
90031745
90031951
90031997
90032004
90032148
90032214
118207647
118207683
3125070
159630924
72948803
72948986
72948988
72948989
72948990
72949166
72949167
72949527
90031103
90031210
129119844
137218540
152901365
157228747
157228756
157371209
157371218
157769440
157769449
159168431
159168432
159168435
159168436
159866344
159866353
160169789
160169798
160208409
160208418
160296470
160296479
161188714
161188723
161580577
161580586
2899335
17093041
