129884995
18524576
947642
6867648
950314
9671758
790172
556668
129884941
129884911
6888132
9967909
9608318
6911538
2696648
9689992
5719672
9649908
2355965
6899330
135580822
5340074
48920553
73346041
6902142
13702506
156012775
13702503
145976605
156013967
3474389
9648690
972375
135549700
766966
137634237
5796895
6873903
5332157
6898627
6887424
13702504
9775897
774659
145976377
5391584
13764
45109608
9564693
1215807
7348972
6909762
135691088
44568416
5338212
5719791
2837238
9554822
5339125
493128
45359048
44568390
9595209
3228403
44568415
44568391
11404540
5331777
916272
6882577
6910488
6876677
156019801
145956568
5342596
44568392
46204123
4083692
9694504
9682797
9646000
139446312
56663094
44568393
6898629
90675803
6898835
9558054
11609936
6901909
2351382
958443
44568417
96881881
155561337
9678769
5331454
707922
6896667
4003984
5723080
684012
156012449
135419234
129707119
72734512
9557717
933233
6867564
44827976
6868357
155549821
5399441
9667507
4604770
9602740
9578411
156013591
155569178
6911413
5370931
11601529
9608509
10268966
5115635
9580068
9555466
5332478
1231181
73347574
71595066
9558692
6322955
44568418
9563449
5401081
838484
172447829
6871470
52945125
2356052
9557463
172442992
9580097
690682
5348977
52941473
689615
127051259
45109194
145976692
6878016
45058931
172466757
129884865
9570500
9557542
6875173
917220
172418928
